/1 5 6 13 14
/2 4 7 12 15
/3 4 6 13 15
/4 2 3 6 7 8 11 12 13 16 17
/5 1 8 11 18
/6 1 3 4 15 16 18
/7 2 4 15 17
/8 4 5 14 15
/11 4 5 14 15
/12 2 4 15 17
/13 1 3 4 15 16 18
/14 1 8 11 18
/15 2 3 6 7 8 11 12 13 16 17
/16 4 6 13 15
/17 4 7 12 15
/18 5 6 13 14
/


5000
2 2
0
.
