/1 2
/2 2
/3 1
/4 2 3 4 22 23 24 28 29 30
/5 2 3 5 15 19 21 28 29 30
/6 3 15 16 18 26 31 32 33 34
/7 7 14 18 20 24 25 27 33 34
/8 4 7 9 10 11 15 16 26 35 36 38
/9 4 5 7 13 19 37
/10 10 12 13 14 15 16 17 18
/12 10 12 13 14 15 16 17 18
/13 4 5 7 13 19 37
/14 4 7 9 10 11 15 16 26 35 36 38
/15 7 14 18 20 24 25 27 33 34
/16 3 15 16 18 26 31 32 33 34
/17 2 3 5 15 19 21 28 29 30
/18 2 3 4 22 23 24 28 29 30
/19 1
/20 2
/21 2
/


5000
2 2
0
.
