/1 12 14 27 28
/2 11 14 25 30
/3 10 11 19 24
/4 9 16 17 19 24 30
/5 8 9 10 11 12 13 16 24 25 26 27 28 29
/6 5 6 14 18 19 20 21
/7 4 8 9 10 12 17
/8 3 7 11 12 14 17 18 20 23
/9 3 9 10 14 20
/10 3 4 5 9 10 11 12 14 22 24 25
/11 12 22 25 32
/12 3 4 5 12 14 22 25 30 32
/13 2 8 14 23 24 31 32 38 41 42 45 46 49 50 53 54 57 58
/14 1 5 6 8 12 13 37 38 41 42 45 46 49 50 53 54 57 58
/15 1 5 12 13 14
/16 1 5 6 8 12 13 37 38 41 42 45 46 49 50 53 54 57 58
/17 2 8 14 23 24 31 32 38 41 42 45 46 49 50 53 54 57 58
/18 3 4 5 12 14 22 25 30 32
/19 12 22 25 32
/20 3 4 5 9 10 11 12 14 22 24 25
/21 3 9 10 14 20
/22 3 7 11 12 14 17 18 20 23
/23 4 8 9 10 12 17
/24 5 6 14 18 19 20 21
/25 8 9 10 11 12 13 16 24 25 26 27 28 29
/26 9 16 17 19 24 30
/27 10 11 19 24
/28 11 14 25 30
/29 12 14 27 28
/


5000
2 2
0
.
