/1 3 18 53
/2 1 4 7 8 9 17 19 20 21 22 38 39 51 52 54
/3 1 4 17 18 19 21 23 33 39 47 51
/4 2 4 7 29 30 31 34 36 38 39 40 46 48 50 55
/5 3 4 11 16 33 34 35 36 37 38 41 44 48 52 55
/6 2 4 8 9 15 19 20 27 28 30 31 34 37 38 41 43 45 46 49
/7 3 9 11 12 15 19 20 27 28 33 35 37 40 43 45 47 54 55 58
/8 3 8 9 10 13 23 24 25 33 34 35 37 39 40 46 54 55 56 58
/9 13 14 15 16 17 18 19 20 21 25 34 35 37 38 39 43 44 45 46 56 58
/11 13 14 15 16 17 18 19 20 21 25 34 35 37 38 39 43 44 45 46 56 58
/12 3 8 9 10 13 23 24 25 33 34 35 37 39 40 46 54 55 56 58
/13 3 9 11 12 15 19 20 27 28 33 35 37 40 43 45 47 54 55 58
/14 2 4 8 9 15 19 20 27 28 30 31 34 37 38 41 43 45 46 49
/15 3 4 11 16 33 34 35 36 37 38 41 44 48 52 55
/16 2 4 7 29 30 31 34 36 38 39 40 46 48 50 55
/17 1 4 17 18 19 21 23 33 39 47 51
/18 1 4 7 8 9 17 19 20 21 22 38 39 51 52 54
/19 3 18 53
/


5000
2 2
0
.
